Webots Project File version R2021b
perspectives: 000000ff00000000fd0000000300000000000003200000051efc0100000001fb0000001e00480074006d006c0052006f0062006f007400570069006e0064006f00770000000000000003200000006900ffffff0000000100000312000003cffc0200000001fb0000001400540065007800740045006400690074006f0072010000001a000003cf0000008700ffffff0000000300000a000000014dfc0100000001fb0000001a0043006f006e0073006f006c00650041006c006c0041006c006c010000000000000a000000006900ffffff000006ec000003cf00000001000000020000000100000008fc00000000
simulationViewPerspectives: 000000ff000000010000000200000187000002e30100000002010000000100
sceneTreePerspectives: 000000ff0000000100000002000000c0000000fa0100000002010000000200
maximizedDockId: -1
centralWidgetVisible: 1
orthographicViewHeight: 1
textFiles: 0 "controllers/grocery/grocery.py"
consoles: Console:All:All
renderingDevicePerspectives: TIAGo Steel:camera;0;0.2875;0;0
renderingDevicePerspectives: TIAGo Steel:display;1;1.50556;0.000725163;0
